399.94879150390625
403.1169738769531
405.7939758300781
408.75994873046875
411.7899475097656
414.8909606933594
418.0649719238281
421.3349609375
424.720947265625
428.2199401855469
431.8299560546875
435.5499572753906
439.3779602050781
443.31494140625
447.3609619140625
451.51495361328125
455.7789611816406
460.1639404296875
464.68194580078125
469.3309326171875
474.1119384765625
479.0249328613281
484.0719299316406
489.2519226074219
494.5669250488281
500.0189208984375
505.6079406738281
511.3419189453125
517.2279052734375
523.2669067382812
529.4598999023438
535.8088989257812
542.3139038085938
548.9769287109375
555.7999267578125
562.783935546875
569.929931640625
577.2579345703125
584.783935546875
592.5068969726562
600.4288940429688
608.5499267578125
616.8699340820312
625.3909301757812
634.1138916015625
643.0408935546875
652.171875
661.5068969726562
671.044921875
680.7888793945312
690.7388916015625
700.8988647460938
711.2688598632812
721.8508911132812
732.6478881835938
743.661865234375
754.8928833007812
766.3228759765625
777.9298706054688
789.7188720703125
801.6908569335938
813.847900390625
826.19287109375
838.7268676757812
851.4518432617188
864.368896484375
877.4798583984375
890.7088623046875
903.9808959960938
917.3008422851562
930.6708374023438
944.0918579101562
957.56689453125
971.0958862304688
984.6808471679688
998.3208618164062
1012.0198364257812
1025.7398681640625
1039.4498291015625
1053.14990234375
1066.849853515625
1080.5299072265625
1094.2098388671875
1107.889892578125
1121.5499267578125
1135.2098388671875
1148.85986328125
1162.4698486328125
1176.0299072265625
1189.5299072265625
1202.9798583984375
1216.369873046875
1229.6998291015625
1242.9698486328125
1256.1898193359375
1269.349853515625
1282.4498291015625
1295.4898681640625
1308.4698486328125
1321.389892578125
1334.2498779296875
1347.0499267578125
1359.7799072265625
1372.43994140625
1385.0399169921875
1397.5699462890625
1410.0399169921875
1422.429931640625
1434.7598876953125
1447.0098876953125
1459.18994140625
1471.2899169921875
1483.3199462890625
1495.2799072265625
1507.159912109375
1518.9598388671875
1530.679931640625
1542.3199462890625
1553.8798828125
1565.35986328125
1576.7598876953125
1588.0799560546875
1599.3099365234375
1610.449951171875
1621.5098876953125
1632.4898681640625
1643.3798828125
1654.169921875
1664.8798828125
1675.5098876953125
1686.0399169921875
1696.4798583984375
1706.8199462890625
1717.0799560546875
1727.2398681640625
1737.3199462890625
1747.2899169921875
1757.169921875
1766.949951171875
1776.639892578125
1786.219970703125
1795.699951171875
1805.0799560546875
1814.35986328125
1823.5399169921875
1832.60986328125
1841.5799560546875
1850.4599609375
1859.219970703125
1867.889892578125
1876.449951171875
1884.89990234375
1893.2398681640625
1901.4898681640625
1909.619873046875
1917.64990234375
1925.5799560546875
1933.39990234375
1941.1099853515625
1948.7099609375
1956.2099609375
1963.5999755859375
1970.8798828125
1978.0499267578125
1985.1099853515625
1992.0699462890625
1998.929931640625
2005.669921875
2012.2999267578125
2018.8299560546875
2025.25
2031.5599365234375
2037.7598876953125
2043.8499755859375
2049.81005859375
2055.659912109375
2061.419921875
2067.08984375
2072.639892578125
2078.06005859375
2083.3798828125
2088.58984375
2093.679931640625
2098.669921875
2103.5400390625
2108.31005859375
2112.9599609375
2117.510009765625
2121.949951171875
2126.27001953125
2130.489990234375
2134.58984375
2138.599853515625
2142.47998046875
2146.260009765625
2149.929931640625
2153.47998046875
2156.919921875
2160.239990234375
2163.4599609375
2166.570068359375
2169.580078125
2172.47998046875
2175.27001953125
2177.929931640625
2180.489990234375
2182.949951171875
2185.2900390625
2187.52001953125
2189.64990234375
2191.669921875
2193.570068359375
2195.330078125
2197.010009765625
2198.590087890625
2200.070068359375
2201.429931640625
2202.659912109375
2203.7900390625
2204.81005859375
2205.72998046875
2206.530029296875
2207.22998046875
2207.81005859375
2208.2900390625
2208.64990234375
2208.909912109375
2209.070068359375
2209.110107421875
2209.030029296875
2208.840087890625
2208.570068359375
2208.18994140625
2207.68994140625
2207.070068359375
2206.35009765625
2205.52001953125
2204.639892578125
2203.75
2202.860107421875
2201.969970703125
2201.10009765625
2200.219970703125
2199.340087890625
2198.43994140625
2197.5400390625
2196.6298828125
2195.72998046875
2194.830078125
2193.949951171875
2193.06005859375
2192.159912109375
2191.25
2190.340087890625
2189.429931640625
2188.530029296875
2187.6201171875
2186.719970703125
2185.820068359375
2184.89990234375
2183.989990234375
2183.090087890625
2182.18994140625
2181.2900390625
2180.39990234375
2179.5
2178.60009765625
2177.699951171875
2176.800048828125
2175.909912109375
2175.010009765625
2174.1201171875
2173.22998046875
2172.340087890625
2171.4599609375
2170.570068359375
2169.679931640625
2168.7900390625
2167.909912109375
2167.030029296875
2166.139892578125
2165.27001953125
2164.39990234375
2163.52001953125
2162.6298828125
2161.739990234375
2160.8701171875
2160.0
2159.139892578125
2158.27001953125
2157.39990234375
2156.530029296875
2155.659912109375
2154.7900390625
2153.919921875
2153.06005859375
2152.219970703125
2151.3701171875
2150.52001953125
2149.659912109375
2148.81005859375
2147.949951171875
2147.090087890625
2146.239990234375
2145.389892578125
2144.5400390625
2143.699951171875
2142.860107421875
2142.02001953125
2141.169921875
2140.31005859375
2139.4599609375
2138.6201171875
2137.800048828125
2136.9599609375
2136.139892578125
2135.320068359375
2134.469970703125
2133.6201171875
2132.800048828125
2131.989990234375
2131.139892578125
2130.2900390625
2129.469970703125
2128.64990234375
2127.830078125
2127.0
2126.179931640625
2125.3798828125
2124.570068359375
2123.75
2122.919921875
2122.10009765625
2121.2900390625
2120.47998046875
2119.669921875
2118.860107421875
2118.050048828125
2117.239990234375
2116.429931640625
2115.6298828125
2114.820068359375
2114.02001953125
2113.2099609375
2112.409912109375
2111.60009765625
2110.81005859375
2110.010009765625
2109.219970703125
2108.419921875
2107.6201171875
2106.830078125
2106.030029296875
2105.239990234375
2104.449951171875
2103.659912109375
2102.8798828125
2102.090087890625
2101.300048828125
2100.530029296875
2099.739990234375
2098.949951171875
2098.169921875
2097.389892578125
2096.610107421875
2095.830078125
2095.0400390625
2094.260009765625
2093.489990234375
2092.72998046875
2091.949951171875
2091.169921875
2090.389892578125
2089.6201171875
2088.8701171875
2088.090087890625
2087.300048828125
2086.550048828125
2085.800048828125
2085.030029296875
2084.25
2083.47998046875
2082.72998046875
2081.969970703125
2081.22998046875
2080.47998046875
2079.699951171875
2078.949951171875
2078.219970703125
2077.4599609375
2076.68994140625
2075.93994140625
2075.18994140625
2074.43994140625
2073.68994140625
2072.949951171875
2072.199951171875
2071.43994140625
2070.7099609375
2069.969970703125
2069.219970703125
2068.47998046875
2067.739990234375
2067.0
2066.260009765625
2065.530029296875
2064.7900390625
2064.050048828125
2063.320068359375
2062.590087890625
2061.860107421875
2061.1298828125
2060.39990234375
2059.659912109375
2058.929931640625
2058.2099609375
2057.489990234375
2056.77001953125
2056.050048828125
2055.320068359375
2054.60009765625
2053.8701171875
2053.139892578125
2052.419921875
2051.699951171875
2050.97998046875
2050.260009765625
2049.550048828125
2048.830078125
2048.1201171875
2047.4100341796875
2046.699951171875
2045.97998046875
2045.280029296875
2044.5799560546875
2043.8800048828125
2043.1700439453125
2042.4599609375
2041.75
2041.050048828125
2040.3599853515625
2039.6500244140625
2038.93994140625
2038.239990234375
2037.550048828125
2036.8599853515625
2036.1500244140625
2035.449951171875
2034.75
2034.06005859375
2033.3699951171875
2032.68994140625
2032.0
2031.300048828125
2030.5999755859375
2029.9200439453125
2029.239990234375
2028.550048828125
2027.8499755859375
2027.1600341796875
2026.469970703125
2025.7900390625
2025.1099853515625
2024.4300537109375
2023.739990234375
2023.0699462890625
2022.4200439453125
2021.719970703125
2021.0400390625
2020.4000244140625
2019.699951171875
2019.02001953125
2018.3699951171875
2017.6700439453125
2016.989990234375
2016.3499755859375
2015.6800537109375
2015.0
2014.3299560546875
2013.6700439453125
2013.010009765625
2012.3399658203125
2011.6700439453125
2011.010009765625
2010.3599853515625
2010.02001953125
