399.94915771484375
403.1169738769531
405.751953125
408.5919494628906
411.4169616699219
414.2319641113281
417.0419616699219
419.8089599609375
422.49896240234375
425.1199645996094
427.6739501953125
430.16595458984375
432.59796142578125
434.9739685058594
437.2949523925781
439.56396484375
441.7809753417969
443.928955078125
445.9899597167969
447.9689636230469
449.865966796875
451.6849670410156
453.42596435546875
455.09197998046875
456.6839599609375
458.2009582519531
459.64697265625
461.01898193359375
462.3149719238281
463.5359802246094
464.6829833984375
465.7549743652344
466.75299072265625
467.677978515625
468.52996826171875
469.3099670410156
470.01898193359375
470.6629943847656
471.2499694824219
471.77899169921875
472.2509765625
472.66497802734375
473.02197265625
473.3219909667969
473.5639953613281
473.75
473.87799072265625
473.958984375
473.9989929199219
473.9989929199219
473.9570007324219
473.87298583984375
473.7469787597656
473.5780029296875
473.364990234375
473.1099853515625
472.8110046386719
472.4580078125
472.0409851074219
471.5610046386719
471.01800537109375
470.41400146484375
469.7489929199219
469.0220031738281
468.2359924316406
467.3900146484375
466.4840087890625
465.5360107421875
464.5610046386719
463.5580139160156
462.5270080566406
461.46600341796875
460.375
459.2550048828125
458.10400390625
456.92401123046875
455.7130126953125
454.50201416015625
453.3190002441406
452.1600036621094
451.0240173339844
449.90899658203125
448.81201171875
447.7340087890625
446.6719970703125
445.625
444.5920104980469
443.5780029296875
442.58599853515625
441.614013671875
440.6620178222656
439.72900390625
438.8130187988281
437.91400146484375
437.031005859375
436.1629943847656
435.3110046386719
434.4729919433594
433.6499938964844
432.8399963378906
432.04400634765625
431.2610168457031
430.4909973144531
429.7340087890625
428.9880065917969
428.2539978027344
427.5320129394531
426.8210144042969
426.1199951171875
425.4309997558594
424.7510070800781
424.0820007324219
423.4230041503906
422.7740173339844
422.1340026855469
421.5039978027344
420.88201904296875
420.27001953125
419.6669921875
419.0719909667969
418.4850158691406
417.9070129394531
417.3370056152344
416.7749938964844
416.22100830078125
415.6750183105469
415.1360168457031
414.61199951171875
414.1080017089844
413.625
413.1610107421875
412.7149963378906
412.2879943847656
411.87799072265625
411.4850158691406
411.1090087890625
410.7489929199219
410.4020080566406
410.0630187988281
409.7340087890625
409.4129943847656
409.10198974609375
408.79901123046875
408.5060119628906
408.22100830078125
407.94500732421875
407.67901611328125
407.4200134277344
407.1709899902344
406.9309997558594
406.6990051269531
406.4750061035156
406.260009765625
406.05401611328125
405.8559875488281
405.6669921875
405.4859924316406
405.31298828125
405.14898681640625
404.9930114746094
404.843994140625
404.7040100097656
404.572998046875
404.4490051269531
404.3330078125
404.2250061035156
404.125
404.0329895019531
403.947998046875
403.8710021972656
403.802001953125
403.7409973144531
403.68701171875
403.6419982910156
403.60400390625
403.57501220703125
403.5530090332031
403.5320129394531
403.5050048828125
403.4739990234375
403.43798828125
403.39898681640625
403.3559875488281
403.30999755859375
403.2619934082031
403.21099853515625
403.1579895019531
403.1029968261719
403.0459899902344
402.9880065917969
402.9280090332031
402.8659973144531
402.8039855957031
402.739990234375
402.6759948730469
402.6099853515625
402.54400634765625
402.47698974609375
402.40899658203125
402.34100341796875
402.2720031738281
402.2019958496094
402.1319885253906
402.06201171875
401.9909973144531
401.9200134277344
401.8479919433594
401.7760009765625
401.7040100097656
401.6319885253906
401.5589904785156
401.4859924316406
401.4129943847656
401.3399963378906
401.2669982910156
401.1929931640625
401.1199951171875
401.0459899902344
400.97198486328125
400.89801025390625
400.82501220703125
400.7510070800781
400.677001953125
400.6029968261719
400.52899169921875
400.4540100097656
400.3800048828125
400.3059997558594
400.23199462890625
400.1579895019531
400.0840148925781
400.010009765625
399.9360046386719
399.86199951171875
399.7879943847656
399.7139892578125
399.6400146484375
399.5660095214844
399.49200439453125
399.4179992675781
399.343994140625
399.2690124511719
399.1940002441406
399.1180114746094
399.0419921875
398.96600341796875
398.8900146484375
398.81298828125
398.73699951171875
398.6600036621094
398.5830078125
398.5060119628906
398.4289855957031
398.35198974609375
398.2749938964844
398.197998046875
398.12200927734375
398.0450134277344
397.9679870605469
397.8919982910156
397.8160095214844
397.739013671875
397.6629943847656
397.5870056152344
397.5119934082031
397.4360046386719
397.3609924316406
397.2850036621094
397.2099914550781
397.135009765625
397.0610046386719
396.9859924316406
396.9119873046875
396.8380126953125
396.7640075683594
396.69000244140625
396.6159973144531
396.5429992675781
396.468994140625
396.39599609375
396.322998046875
396.2510070800781
396.1780090332031
396.1059875488281
396.03399658203125
395.9620056152344
395.8900146484375
395.8179931640625
395.74700927734375
395.6759948730469
395.60400390625
395.5329895019531
395.4630126953125
395.3919982910156
395.3219909667969
395.2510070800781
395.1809997558594
395.1109924316406
395.0419921875
394.97198486328125
394.9020080566406
394.8330078125
394.7640075683594
394.69500732421875
394.6260070800781
394.5570068359375
394.489013671875
394.4200134277344
394.35198974609375
394.28399658203125
394.21600341796875
394.14801025390625
394.0799865722656
394.01300048828125
393.94500732421875
393.87799072265625
393.80999755859375
393.7430114746094
393.6759948730469
393.6099853515625
393.5429992675781
393.47601318359375
393.4100036621094
393.3429870605469
393.2770080566406
393.21099853515625
393.1449890136719
393.0790100097656
393.01300048828125
392.9469909667969
392.8810119628906
392.8160095214844
392.75
392.68499755859375
392.6199951171875
392.5539855957031
392.489013671875
392.42401123046875
392.3590087890625
392.29400634765625
392.22900390625
392.16400146484375
392.1000061035156
392.0350036621094
391.9700012207031
391.906005859375
391.84100341796875
391.7770080566406
391.7120056152344
391.64801025390625
391.5840148925781
391.5199890136719
391.45599365234375
391.39300537109375
391.3290100097656
391.2659912109375
391.2030029296875
391.1400146484375
391.0780029296875
391.0150146484375
390.9530029296875
390.8909912109375
390.8290100097656
390.7669982910156
390.70599365234375
390.6440124511719
390.5830078125
390.5220031738281
390.46099853515625
390.4010009765625
390.3399963378906
390.2799987792969
390.218994140625
390.15899658203125
390.0989990234375
390.0400085449219
389.9800109863281
389.9209899902344
389.8609924316406
389.802001953125
389.7430114746094
389.6839904785156
389.625
389.5669860839844
389.50799560546875
389.45001220703125
389.3919982910156
389.3340148925781
389.2760009765625
389.2179870605469
389.1610107421875
389.1029968261719
389.0459899902344
388.989013671875
388.9320068359375
388.875
388.8179931640625
388.7619934082031
388.7049865722656
388.64898681640625
388.5929870605469
388.5360107421875
388.4800109863281
388.42498779296875
388.3689880371094
388.31298828125
388.25799560546875
388.2019958496094
388.1470031738281
388.0920104980469
388.0369873046875
387.98199462890625
387.9280090332031
387.87298583984375
387.8190002441406
387.7640075683594
387.7099914550781
387.656005859375
387.60198974609375
387.5480041503906
387.4939880371094
387.4410095214844
387.3869934082031
387.3340148925781
387.2799987792969
387.22698974609375
387.17401123046875
387.1210021972656
387.0679931640625
387.0159912109375
386.9630126953125
386.9110107421875
386.8580017089844
386.8059997558594
386.7539978027344
386.7019958496094
386.6499938964844
386.5979919433594
386.5459899902344
386.4949951171875
386.4429931640625
386.3919982910156
386.3399963378906
386.28900146484375
386.2380065917969
386.18701171875
386.135986328125
386.08599853515625
386.0350036621094
385.9840087890625
385.9339904785156
385.8840026855469
385.8330078125
385.7829895019531
385.7330017089844
385.6830139160156
385.63299560546875
385.5840148925781
385.53399658203125
385.4840087890625
385.43499755859375
385.385986328125
385.33599853515625
385.2869873046875
385.2380065917969
385.1889953613281
385.1400146484375
385.0920104980469
385.0429992675781
384.9949951171875
384.9460144042969
384.89801025390625
384.8489990234375
384.8009948730469
384.75299072265625
384.7049865722656
384.6570129394531
384.6099853515625
384.56201171875
384.5140075683594
384.4670104980469
384.41900634765625
384.37200927734375
384.32501220703125
384.2779846191406
384.2539978027344
