399.9490966796875
403.1169738769531
405.761962890625
408.6319580078125
411.5059509277344
414.38995361328125
417.2869567871094
420.1979675292969
423.1249694824219
426.0689697265625
429.02996826171875
432.0109558105469
435.011962890625
438.032958984375
441.07696533203125
444.1429443359375
447.2319641113281
450.33294677734375
453.4349670410156
456.54095458984375
459.6519470214844
462.76995849609375
465.8969421386719
469.032958984375
472.178955078125
475.3359680175781
478.50396728515625
481.6739501953125
484.83795166015625
487.9959411621094
491.14996337890625
494.2999572753906
497.44696044921875
500.5919494628906
503.73394775390625
506.8749694824219
510.0139465332031
513.136962890625
516.22998046875
519.2919311523438
522.325927734375
525.3319702148438
528.3099365234375
531.260986328125
534.1859741210938
537.0849609375
539.9579467773438
542.7949829101562
545.5869750976562
548.3349609375
551.0389404296875
553.699951171875
556.3189697265625
558.8949584960938
561.4309692382812
563.9249877929688
566.3799438476562
568.77197265625
571.0829467773438
573.31396484375
575.4659423828125
577.5399780273438
579.5369873046875
581.4579467773438
583.303955078125
585.073974609375
586.7699584960938
588.3779907226562
589.885986328125
591.2959594726562
592.6089477539062
593.824951171875
594.9449462890625
595.969970703125
596.8999633789062
597.7349853515625
598.4769897460938
599.1499633789062
599.7760009765625
600.35498046875
600.885986328125
601.365966796875
601.7969970703125
602.177001953125
602.5050048828125
602.781982421875
603.0050048828125
603.2179565429688
603.458984375
603.7239990234375
604.011962890625
604.3219604492188
604.6499633789062
604.9959716796875
605.3569946289062
605.7340087890625
606.1239624023438
606.5269775390625
606.9420166015625
607.3670043945312
607.802978515625
608.2479858398438
608.7009887695312
609.1629638671875
609.6329956054688
610.1099853515625
610.5929565429688
611.0819702148438
611.5780029296875
612.0789794921875
612.5849609375
613.094970703125
613.6109619140625
614.1300048828125
614.6539916992188
615.1809692382812
615.7119750976562
616.2459716796875
616.7839965820312
617.323974609375
617.8670043945312
618.4129638671875
618.9609985351562
619.511962890625
620.06396484375
620.6190185546875
621.1759643554688
621.7340087890625
622.2949829101562
622.8569946289062
623.4199829101562
623.9849853515625
624.5509643554688
625.1190185546875
625.68701171875
626.2570190429688
626.8280029296875
627.3939819335938
627.948974609375
628.4940185546875
629.0269775390625
629.5509643554688
630.06396484375
630.5670166015625
631.0609741210938
631.5440063476562
632.0169677734375
632.4810180664062
632.9340209960938
633.3779907226562
633.81298828125
634.2379760742188
634.6530151367188
635.0590209960938
635.4550170898438
635.8419799804688
636.218994140625
636.5869750976562
636.9450073242188
637.2940063476562
637.6339721679688
637.9639892578125
638.2849731445312
638.5969848632812
638.8989868164062
639.1920166015625
639.4749755859375
639.75
640.0150146484375
640.27001953125
640.5169677734375
640.7539672851562
640.9819946289062
641.2000122070312
641.4099731445312
641.6099853515625
641.8009643554688
641.9819946289062
642.1549682617188
642.3179931640625
642.4719848632812
642.6170043945312
642.7520141601562
642.8789672851562
642.9959716796875
643.10400390625
643.2030029296875
643.2919921875
643.3729858398438
643.4439697265625
643.5059814453125
643.5590209960938
643.6029663085938
643.6380004882812
643.6630249023438
643.6799926757812
643.68701171875
643.6859741210938
643.6749877929688
643.6549682617188
643.6259765625
643.5880126953125
643.5399780273438
643.4840087890625
643.4190063476562
643.344970703125
643.260986328125
643.1690063476562
643.0670166015625
642.9569702148438
642.8380126953125
642.708984375
642.572021484375
642.4249877929688
642.27001953125
642.1060180664062
641.9329833984375
641.75
641.5590209960938
641.3590087890625
641.1500244140625
640.9320068359375
640.7059936523438
640.469970703125
640.2260131835938
639.9730224609375
639.7109985351562
639.4400024414062
639.1599731445312
638.8720092773438
638.573974609375
638.2680053710938
637.9539794921875
637.6300048828125
637.2979736328125
636.9569702148438
636.6069946289062
636.2550048828125
635.906982421875
635.5599975585938
635.2160034179688
634.8729858398438
634.531982421875
634.1929931640625
633.85498046875
633.5180053710938
633.1829833984375
632.8489990234375
632.5170288085938
632.1859741210938
631.8569946289062
631.5289916992188
631.2030029296875
630.8790283203125
630.5559692382812
630.2340087890625
629.9149780273438
629.5969848632812
629.280029296875
628.9660034179688
628.6530151367188
628.3410034179688
628.031005859375
627.7230224609375
627.4169921875
627.1119995117188
626.8079833984375
626.5059814453125
626.2059936523438
625.906982421875
625.6099853515625
625.3140258789062
625.02001953125
624.7269897460938
624.4359741210938
624.14599609375
623.8569946289062
623.5700073242188
623.2839965820312
622.9990234375
622.7160034179688
622.4340209960938
622.1530151367188
621.8729858398438
621.594970703125
621.3179931640625
621.0419921875
620.7670288085938
620.4940185546875
620.2210083007812
619.9500122070312
619.6799926757812
619.4099731445312
619.1420288085938
618.875
618.6090087890625
618.344970703125
618.0809936523438
617.8179931640625
617.5559692382812
617.2949829101562
617.0349731445312
616.7760009765625
616.5180053710938
616.260986328125
616.0040283203125
615.7490234375
615.4949951171875
615.2410278320312
614.9879760742188
614.7360229492188
614.4849853515625
614.2349853515625
613.9860229492188
613.7369995117188
613.489990234375
613.2429809570312
612.9970092773438
612.7520141601562
612.5070190429688
612.2630004882812
612.02001953125
611.7780151367188
611.5369873046875
611.2960205078125
611.0559692382812
610.8159790039062
610.5780029296875
610.3400268554688
610.10302734375
609.8660278320312
609.6300048828125
609.39501953125
609.1610107421875
608.927001953125
608.6939697265625
608.4619750976562
608.22998046875
607.9990234375
607.7680053710938
607.5380249023438
607.3090209960938
607.0800170898438
606.8519897460938
606.625
606.3980102539062
606.1710205078125
605.9459838867188
605.7210083007812
605.4959716796875
605.27197265625
605.0490112304688
604.8259887695312
604.60400390625
604.3820190429688
604.1610107421875
603.9409790039062
603.7210083007812
603.5009765625
603.281982421875
603.0640258789062
602.8460083007812
602.6279907226562
602.4110107421875
602.1950073242188
601.97900390625
601.7639770507812
601.5490112304688
601.333984375
601.1199951171875
600.906982421875
600.6939697265625
600.4819946289062
600.27001953125
600.0579833984375
599.8469848632812
599.635986328125
599.426025390625
599.2160034179688
599.0070190429688
598.7979736328125
598.5900268554688
598.3820190429688
598.1740112304688
597.9669799804688
597.760009765625
597.5540161132812
597.3480224609375
597.1420288085938
596.93701171875
596.7319946289062
596.5280151367188
596.323974609375
596.1209716796875
595.9169921875
595.7150268554688
595.5120239257812
595.3099975585938
595.1079711914062
594.906982421875
594.7059936523438
594.5050048828125
594.3049926757812
594.10498046875
593.905029296875
593.7059936523438
593.5070190429688
593.3079833984375
593.1090087890625
592.9110107421875
592.7139892578125
592.5159912109375
592.3200073242188
592.1240234375
591.927978515625
591.7319946289062
591.5380249023438
591.343017578125
591.1489868164062
590.9559936523438
590.7630004882812
590.5700073242188
590.3779907226562
590.18701171875
589.9949951171875
589.8049926757812
589.614013671875
589.4249877929688
589.2349853515625
589.0460205078125
588.8579711914062
588.6690063476562
588.4819946289062
588.2940063476562
588.1079711914062
587.9210205078125
587.7349853515625
587.5499877929688
587.364013671875
587.1799926757812
586.9949951171875
586.8109741210938
586.6279907226562
586.4450073242188
586.2620239257812
586.0800170898438
585.8980102539062
585.7160034179688
585.5349731445312
585.35400390625
585.1740112304688
584.9940185546875
584.8140258789062
584.635009765625
584.4559936523438
584.2780151367188
584.0999755859375
583.9219970703125
583.7449951171875
583.5679931640625
583.3909912109375
583.2150268554688
583.0399780273438
582.864013671875
582.6890258789062
582.5139770507812
582.3400268554688
582.166015625
581.9929809570312
581.8189697265625
581.64697265625
581.4739990234375
581.302001953125
581.1300048828125
580.958984375
580.7880249023438
580.6170043945312
580.447021484375
580.2769775390625
580.1069946289062
579.93798828125
579.7689819335938
579.5999755859375
579.4320068359375
579.2639770507812
579.1799926757812
