277.4540100097656
277.1369934082031
277.1600036621094
277.1579895019531
277.1570129394531
277.1669921875
277.1719970703125
277.1709899902344
277.17498779296875
277.1759948730469
277.1789855957031
277.1940002441406
277.197998046875
277.20098876953125
277.20098876953125
277.21099853515625
277.2170104980469
277.22100830078125
277.22601318359375
277.22698974609375
277.23199462890625
277.2340087890625
277.23699951171875
277.2449951171875
277.2489929199219
277.2560119628906
277.260009765625
277.2770080566406
277.2799987792969
277.2820129394531
277.28399658203125
277.2850036621094
277.2929992675781
277.2909851074219
277.2950134277344
277.29998779296875
277.30499267578125
277.3110046386719
277.3160095214844
277.3179931640625
277.32501220703125
277.3299865722656
277.3340148925781
277.3370056152344
277.34100341796875
277.3429870605469
277.3479919433594
277.35101318359375
277.3529968261719
277.3599853515625
277.36199951171875
277.3630065917969
277.3680114746094
277.3710021972656
277.3760070800781
277.3789978027344
277.385009765625
277.3869934082031
277.3890075683594
277.3949890136719
277.3970031738281
277.4020080566406
277.406005859375
277.4079895019531
277.4169921875
277.4230041503906
277.4280090332031
277.42999267578125
277.4330139160156
277.43701171875
277.4360046386719
277.43701171875
277.43701171875
277.44500732421875
277.4519958496094
277.4570007324219
277.4620056152344
277.46099853515625
277.4630126953125
277.47198486328125
277.47698974609375
277.4809875488281
277.48699951171875
277.489013671875
277.49700927734375
277.5050048828125
277.5090026855469
277.5159912109375
277.5199890136719
277.52801513671875
277.5360107421875
277.5409851074219
277.5539855957031
277.55999755859375
277.5710144042969
277.5710144042969
277.5790100097656
277.5840148925781
277.59698486328125
277.6090087890625
277.6199951171875
277.62298583984375
277.6300048828125
277.63299560546875
277.635986328125
277.6449890136719
277.64300537109375
277.6510009765625
277.656005859375
277.65899658203125
277.6629943847656
277.6709899902344
277.6780090332031
277.6940002441406
277.7019958496094
277.7099914550781
277.7170104980469
277.7179870605469
277.7229919433594
277.72601318359375
277.7330017089844
277.739013671875
277.7439880371094
277.74798583984375
277.75
277.75799560546875
277.760986328125
277.7650146484375
277.7690124511719
277.7699890136719
277.77301025390625
277.77899169921875
277.7850036621094
277.7900085449219
277.79400634765625
277.8009948730469
277.8080139160156
277.81298828125
277.8210144042969
277.8280029296875
277.8320007324219
277.8349914550781
277.84600830078125
277.8550109863281
277.8590087890625
277.8689880371094
277.8760070800781
277.8840026855469
277.8900146484375
277.8970031738281
277.9070129394531
277.9169921875
277.92401123046875
277.9339904785156
277.9460144042969
277.95599365234375
277.97698974609375
277.9840087890625
278.0
278.0119934082031
278.02899169921875
278.0419921875
278.05499267578125
278.0710144042969
278.0870056152344
278.1099853515625
278.1239929199219
278.13800048828125
278.1549987792969
278.1719970703125
278.1940002441406
278.21099853515625
278.2330017089844
278.2569885253906
278.27801513671875
278.2980041503906
278.3210144042969
278.3399963378906
278.3630065917969
278.3840026855469
278.40399169921875
278.4150085449219
278.4320068359375
278.4549865722656
278.4830017089844
278.50799560546875
278.5199890136719
278.5429992675781
278.5610046386719
278.5799865722656
278.5989990234375
278.635009765625
278.6610107421875
278.6809997558594
278.7120056152344
278.7349853515625
278.7650146484375
278.78900146484375
278.8160095214844
278.8450012207031
278.87701416015625
278.9010009765625
278.9360046386719
278.9570007324219
278.9859924316406
279.02099609375
279.0509948730469
279.0880126953125
279.114013671875
279.1369934082031
279.16400146484375
279.18701171875
279.2120056152344
279.23699951171875
279.260986328125
279.2820129394531
279.3059997558594
279.3340148925781
279.3529968261719
279.3789978027344
279.40399169921875
279.4289855957031
279.4519958496094
279.4739990234375
279.49700927734375
279.5159912109375
279.5329895019531
279.5539855957031
279.5780029296875
279.60198974609375
279.625
279.64599609375
279.6669921875
279.6929931640625
279.7170104980469
279.739013671875
279.7489929199219
279.7699890136719
279.7879943847656
279.8059997558594
279.82501220703125
279.8349914550781
279.84600830078125
279.8550109863281
279.8630065917969
279.87701416015625
279.8919982910156
279.9110107421875
279.9150085449219
279.9280090332031
279.9519958496094
279.9739990234375
279.98699951171875
279.9939880371094
279.99798583984375
280.0069885253906
280.0119934082031
280.031005859375
280.03900146484375
280.0459899902344
280.0589904785156
280.0559997558594
280.07000732421875
280.072998046875
280.07598876953125
280.08599853515625
280.09698486328125
280.1090087890625
280.12298583984375
280.12200927734375
280.1419982910156
280.1499938964844
280.1610107421875
280.1719970703125
280.1809997558594
280.18701171875
280.1969909667969
280.2070007324219
280.2040100097656
280.21600341796875
280.2130126953125
280.22198486328125
280.2279968261719
280.2300109863281
280.2309875488281
280.2349853515625
280.2449951171875
280.24200439453125
280.2430114746094
280.23699951171875
280.24200439453125
280.2349853515625
280.2430114746094
280.2330017089844
280.2349853515625
280.2359924316406
280.239990234375
280.2250061035156
280.21099853515625
280.20599365234375
280.2090148925781
280.21099853515625
280.2099914550781
280.2070007324219
280.20599365234375
280.2080078125
280.2030029296875
280.1960144042969
280.1969909667969
280.1960144042969
280.1929931640625
280.19000244140625
280.1919860839844
280.1709899902344
280.16900634765625
280.1570129394531
280.156005859375
280.14801025390625
280.1400146484375
280.1260070800781
280.125
280.1180114746094
280.1099853515625
280.10101318359375
280.0870056152344
280.0799865722656
280.0880126953125
280.0870056152344
280.0799865722656
280.06500244140625
280.0570068359375
280.0480041503906
280.0350036621094
280.0249938964844
280.0069885253906
279.9930114746094
279.9750061035156
279.9649963378906
279.9490051269531
279.9259948730469
279.91900634765625
279.8900146484375
279.875
279.8500061035156
279.8330078125
279.8269958496094
279.81298828125
279.8059997558594
279.7879943847656
279.7799987792969
279.760986328125
279.75201416015625
279.7340087890625
279.72601318359375
279.7170104980469
279.70001220703125
279.6679992675781
279.6440124511719
279.614013671875
279.5880126953125
279.5589904785156
279.5320129394531
279.4960021972656
279.46600341796875
279.4410095214844
279.4200134277344
279.3999938964844
279.37298583984375
279.35101318359375
279.33099365234375
279.3070068359375
279.2760009765625
279.2489929199219
279.2229919433594
279.2200012207031
279.20599365234375
279.1940002441406
279.1809997558594
279.1669921875
279.1440124511719
279.1369934082031
279.114013671875
279.1080017089844
279.09698486328125
279.08599853515625
279.0710144042969
279.05499267578125
279.0369873046875
279.0169982910156
279.0169982910156
279.0060119628906
278.98699951171875
278.9800109863281
278.9739990234375
278.9599914550781
278.9419860839844
278.93798828125
278.906005859375
278.8840026855469
278.8800048828125
278.864013671875
278.84600830078125
278.8330078125
278.8320007324219
278.8349914550781
278.8399963378906
278.83599853515625
278.8389892578125
278.8399963378906
278.8290100097656
278.8210144042969
278.8139953613281
278.8169860839844
278.8039855957031
278.78900146484375
278.7749938964844
278.760009765625
278.7539978027344
278.718994140625
278.7030029296875
278.6919860839844
278.6700134277344
278.6549987792969
278.6409912109375
278.62701416015625
278.6080017089844
278.5929870605469
278.5719909667969
278.5580139160156
278.54400634765625
278.5220031738281
278.49798583984375
278.4729919433594
278.4549865722656
278.4259948730469
278.39599609375
278.3689880371094
278.35101318359375
278.31298828125
278.2869873046875
278.26800537109375
278.2510070800781
278.23199462890625
278.22601318359375
278.2200012207031
278.19000244140625
278.17999267578125
278.1510009765625
278.1369934082031
278.1189880371094
278.10198974609375
278.0830078125
278.0509948730469
278.0260009765625
278.010009765625
277.9849853515625
277.97100830078125
277.9490051269531
277.92498779296875
277.8970031738281
277.88299560546875
277.864990234375
277.8450012207031
277.8160095214844
277.79998779296875
277.7770080566406
277.7590026855469
277.7380065917969
277.7130126953125
277.6929931640625
277.67401123046875
277.6440124511719
277.6289978027344
277.6109924316406
277.5899963378906
277.5610046386719
277.5329895019531
277.5169982910156
277.4960021972656
277.4849853515625
277.4800109863281
277.4639892578125
277.4590148925781
277.4490051269531
277.4440002441406
277.427001953125
277.4010009765625
277.37799072265625
277.3699951171875
277.3529968261719
277.3479919433594
277.33099365234375
277.3110046386719
277.29901123046875
277.2770080566406
277.2640075683594
277.25799560546875
277.239013671875
277.2349853515625
277.2170104980469
277.20599365234375
277.1919860839844
277.1860046386719
277.1719970703125
277.1579895019531
277.1409912109375
277.1369934082031
277.12200927734375
277.1159973144531
277.1099853515625
277.0989990234375
277.0840148925781
277.0719909667969
277.06298828125
277.052001953125
277.0480041503906
277.0409851074219
277.0329895019531
277.0260009765625
277.02398681640625
277.0150146484375
277.010009765625
277.0090026855469
277.0039978027344
277.010986328125
277.0119934082031
277.0150146484375
277.0159912109375
277.01300048828125
277.0140075683594
277.01300048828125
277.01300048828125
277.0360107421875
277.0450134277344
277.0530090332031
277.0559997558594
277.05499267578125
277.06298828125
277.0570068359375
277.0570068359375
277.0740051269531
277.07000732421875
277.07598876953125
277.0920104980469
277.093994140625
277.0950012207031
277.1090087890625
277.11199951171875
277.11199951171875
277.1300048828125
277.135986328125
277.125
277.12200927734375
277.114013671875
277.1310119628906
277.12701416015625
277.1239929199219
277.12298583984375
277.1310119628906
277.1310119628906
277.1319885253906
277.14599609375
277.1390075683594
277.1390075683594
277.1400146484375
277.14801025390625
277.14599609375
277.14599609375
277.15301513671875
277.1499938964844
277.14599609375
277.1549987792969
277.1610107421875
277.15899658203125
277.16900634765625
277.1730041503906
277.1780090332031
277.1809997558594
277.1910095214844
277.1940002441406
277.197998046875
277.2120056152344
277.22601318359375
277.2409973144531
277.2619934082031
277.2770080566406
277.2919921875
277.3030090332031
277.322998046875
277.3349914550781
277.34698486328125
277.3659973144531
277.3810119628906
277.40301513671875
277.42498779296875
277.42999267578125
277.4360046386719
277.4460144042969
277.4700012207031
277.4880065917969
277.50799560546875
277.5140075683594
277.52899169921875
277.54998779296875
277.57598876953125
277.59100341796875
277.6050109863281
277.6189880371094
277.635986328125
277.656005859375
277.67401123046875
277.68701171875
277.7019958496094
277.72198486328125
277.7439880371094
277.77301025390625
277.78900146484375
277.8070068359375
277.82598876953125
277.85101318359375
277.87298583984375
277.885986328125
277.9100036621094
277.92999267578125
277.95599365234375
277.9729919433594
277.98199462890625
278.0090026855469
278.02801513671875
278.04998779296875
278.0710144042969
278.0889892578125
278.1059875488281
278.1189880371094
278.1449890136719
278.1600036621094
278.1709899902344
278.18499755859375
278.1889953613281
278.2040100097656
278.22198486328125
278.23699951171875
278.25299072265625
278.2659912109375
278.281005859375
278.2950134277344
278.3070068359375
278.3179931640625
278.3330078125
278.35101318359375
278.36199951171875
278.38299560546875
278.3919982910156
278.40301513671875
278.41400146484375
278.427001953125
278.43701171875
278.4460144042969
278.45599365234375
278.4620056152344
278.47900390625
278.489990234375
278.5010070800781
278.5090026855469
278.5249938964844
278.52801513671875
278.53900146484375
278.5559997558594
278.5710144042969
278.58099365234375
278.5889892578125
278.5950012207031
278.60101318359375
278.6080017089844
278.6260070800781
278.6369934082031
278.6400146484375
278.64898681640625
278.6600036621094
278.6650085449219
278.67401123046875
278.6830139160156
278.6889953613281
278.6969909667969
278.71600341796875
278.72601318359375
278.7349853515625
278.7409973144531
278.7550048828125
278.7690124511719
278.781005859375
278.79901123046875
278.79901123046875
278.80999755859375
278.8139953613281
278.8240051269531
278.8280029296875
278.8320007324219
278.8399963378906
278.8500061035156
278.8609924316406
278.8739929199219
278.8819885253906
278.8900146484375
278.9010009765625
278.90301513671875
278.9100036621094
278.9200134277344
278.927001953125
278.9360046386719
278.9519958496094
278.9580078125
278.9630126953125
278.9739990234375
278.98199462890625
278.989013671875
278.99798583984375
279.0039978027344
279.0090026855469
279.0140075683594
279.0249938964844
279.0299987792969
279.0360107421875
279.0409851074219
279.04901123046875
279.0509948730469
279.05499267578125
279.06298828125
279.07000732421875
279.072998046875
279.08099365234375
279.0880126953125
279.0979919433594
279.1080017089844
279.114990234375
279.114990234375
279.12200927734375
279.1210021972656
279.12701416015625
279.1310119628906
279.1369934082031
279.1419982910156
279.14599609375
279.15399169921875
279.1610107421875
279.1719970703125
279.1780090332031
279.1929931640625
279.2030029296875
279.2070007324219
279.2130126953125
279.2139892578125
279.22698974609375
279.2309875488281
279.2340087890625
279.24700927734375
279.25799560546875
279.26800537109375
279.27301025390625
279.27801513671875
279.2879943847656
279.29400634765625
279.2959899902344
279.3009948730469
279.3030090332031
279.3059997558594
279.3110046386719
279.31298828125
279.32000732421875
279.3219909667969
279.3240051269531
279.3280029296875
279.3269958496094
279.32598876953125
279.3240051269531
279.3269958496094
279.3330078125
279.3450012207031
279.3489990234375
279.34698486328125
279.3429870605469
279.34100341796875
279.3420104980469
279.3380126953125
279.34100341796875
279.3370056152344
279.3349914550781
279.3280029296875
279.32598876953125
279.3160095214844
279.3160095214844
279.3110046386719
279.3080139160156
279.2950134277344
279.29400634765625
279.29400634765625
279.2879943847656
279.2820129394531
279.2770080566406
279.2799987792969
279.27398681640625
279.2720031738281
279.27301025390625
279.27301025390625
279.2760009765625
279.281005859375
279.2829895019531
279.2850036621094
279.2929992675781
279.2950134277344
279.2980041503906
279.302001953125
279.3030090332031
279.30499267578125
279.3070068359375
279.3110046386719
279.31298828125
279.31500244140625
279.32000732421875
279.3190002441406
279.3240051269531
279.32501220703125
279.32598876953125
279.32598876953125
279.322998046875
279.322998046875
279.3210144042969
279.3219909667969
279.322998046875
279.32598876953125
279.32598876953125
279.32598876953125
279.3240051269531
279.3290100097656
279.3240051269531
279.32501220703125
279.322998046875
279.3269958496094
279.3290100097656
279.3340148925781
279.3340148925781
279.3340148925781
279.3389892578125
279.3489990234375
279.3489990234375
279.35198974609375
279.3489990234375
279.3489990234375
279.35198974609375
279.3550109863281
279.3529968261719
279.3550109863281
279.35198974609375
279.35198974609375
279.3500061035156
279.3479919433594
279.34600830078125
279.3489990234375
279.3479919433594
279.34698486328125
279.35101318359375
279.3450012207031
279.34698486328125
279.3479919433594
279.34698486328125
279.33599853515625
279.32598876953125
279.3169860839844
279.3139953613281
279.31201171875
279.3080139160156
279.3059997558594
279.3030090332031
279.2850036621094
279.2760009765625
279.2690124511719
279.2590026855469
279.25201416015625
279.2380065917969
279.22698974609375
279.2239990234375
279.21600341796875
279.2040100097656
279.1910095214844
279.18499755859375
279.1700134277344
279.1579895019531
279.1470031738281
279.14801025390625
279.1400146484375
279.1289978027344
279.12200927734375
279.1090087890625
279.0979919433594
279.08599853515625
279.0780029296875
279.07000732421875
279.05499267578125
279.0450134277344
279.0379943847656
279.02099609375
279.0150146484375
279.00201416015625
278.9939880371094
278.989013671875
278.9809875488281
278.96099853515625
278.95001220703125
278.93798828125
278.92999267578125
278.9179992675781
278.90899658203125
278.89898681640625
278.8940124511719
278.88299560546875
278.8710021972656
278.8659973144531
278.85699462890625
278.8489990234375
278.83099365234375
278.8169860839844
278.8039855957031
278.7919921875
278.78399658203125
278.7720031738281
278.76800537109375
278.75299072265625
278.74200439453125
278.739990234375
278.7229919433594
278.7130126953125
278.7040100097656
278.6960144042969
278.6839904785156
278.6789855957031
278.6730041503906
278.6579895019531
278.64898681640625
278.6440124511719
278.6390075683594
278.6300048828125
278.62200927734375
278.61700439453125
278.6109924316406
278.614990234375
278.6239929199219
278.6300048828125
278.635009765625
278.635009765625
278.6400146484375
278.6520080566406
278.65301513671875
278.6610107421875
278.6719970703125
278.6990051269531
278.7080078125
278.718994140625
278.72698974609375
278.7349853515625
278.75
278.7569885253906
278.76300048828125
278.7749938964844
278.7869873046875
278.7959899902344
278.80999755859375
278.82000732421875
278.8389892578125
278.85400390625
278.8900146484375
278.9070129394531
278.9230041503906
278.9490051269531
278.9599914550781
278.9630126953125
278.97198486328125
278.9779968261719
278.9859924316406
278.9960021972656
279.0060119628906
279.00799560546875
279.02398681640625
279.0379943847656
279.0570068359375
279.0690002441406
279.0920104980469
279.114990234375
279.14801025390625
279.16900634765625
279.1830139160156
279.20098876953125
279.2170104980469
279.2409973144531
279.2619934082031
279.27801513671875
279.29400634765625
279.3139953613281
279.3389892578125
279.3580017089844
279.3819885253906
279.40399169921875
279.4259948730469
279.447998046875
279.47698974609375
279.4989929199219
279.52398681640625
279.5409851074219
279.55999755859375
279.5790100097656
279.60101318359375
279.6300048828125
279.6610107421875
279.6919860839844
279.7300109863281
279.760009765625
279.7950134277344
279.8280029296875
279.8599853515625
279.8919982910156
279.9169921875
279.9490051269531
279.9840087890625
280.01800537109375
280.052001953125
280.0870056152344
280.1260070800781
280.16400146484375
280.20001220703125
280.2359924316406
280.2760009765625
280.31298828125
280.3529968261719
280.3949890136719
280.43701171875
280.4800109863281
280.5140075683594
280.5539855957031
280.59100341796875
280.6319885253906
280.67401123046875
280.7099914550781
280.7539978027344
280.7929992675781
280.8349914550781
280.8760070800781
280.9129943847656
280.9549865722656
280.9909973144531
281.03399658203125
281.0790100097656
281.12799072265625
281.1730041503906
281.2179870605469
281.27301025390625
281.3280029296875
281.3710021972656
281.4179992675781
281.4599914550781
281.5119934082031
281.5570068359375
281.60101318359375
281.6409912109375
281.68499755859375
281.72900390625
281.76800537109375
281.802001953125
281.8380126953125
281.87298583984375
281.9100036621094
281.947998046875
281.9830017089844
282.02301025390625
282.0610046386719
282.09698486328125
282.13299560546875
282.1730041503906
282.2070007324219
282.2449951171875
282.2820129394531
282.3139953613281
282.3500061035156
282.3840026855469
282.4159851074219
282.45001220703125
282.4830017089844
282.51300048828125
282.5469970703125
282.5780029296875
282.60699462890625
282.6470031738281
282.67999267578125
282.7070007324219
282.7380065917969
282.77301025390625
282.8039855957031
282.8320007324219
282.8609924316406
282.8819885253906
282.9150085449219
282.9469909667969
282.968994140625
282.9960021972656
283.02099609375
283.0480041503906
283.0769958496094
283.1050109863281
283.135009765625
283.1669921875
283.1929931640625
283.2130126953125
283.23199462890625
283.2510070800781
283.2760009765625
283.3059997558594
283.33099365234375
283.3559875488281
283.3800048828125
283.4010009765625
283.4200134277344
283.447998046875
283.4729919433594
283.4939880371094
283.5169982910156
283.5429992675781
283.56500244140625
283.5870056152344
283.6099853515625
283.6310119628906
283.6549987792969
283.67498779296875
283.6990051269531
283.718994140625
283.739013671875
283.75799560546875
283.77899169921875
283.7950134277344
283.8139953613281
283.83599853515625
283.85400390625
283.87701416015625
283.89300537109375
283.9129943847656
283.9289855957031
283.947998046875
283.96099853515625
283.98199462890625
283.9989929199219
284.010009765625
284.02801513671875
284.0480041503906
284.0580139160156
284.0710144042969
284.09600830078125
284.11199951171875
284.125
284.1310119628906
284.1409912109375
284.1520080566406
284.1579895019531
284.1650085449219
284.16400146484375
284.16400146484375
284.1659851074219
284.1679992675781
284.16900634765625
284.16900634765625
284.1679992675781
284.16400146484375
284.1669921875
284.1650085449219
284.1650085449219
284.16400146484375
284.15899658203125
284.16400146484375
284.16400146484375
284.1659851074219
284.1650085449219
284.16400146484375
284.1600036621094
284.1570129394531
284.156005859375
284.1499938964844
284.1449890136719
284.12799072265625
284.0979919433594
284.07000732421875
284.05499267578125
284.0450134277344
284.0220031738281
283.9989929199219
283.9670104980469
283.9419860839844
283.92401123046875
283.89599609375
283.8760070800781
283.84600830078125
283.8160095214844
283.7969970703125
283.7690124511719
283.7439880371094
283.72601318359375
283.6990051269531
283.6789855957031
283.6610107421875
283.64599609375
283.6300048828125
283.6109924316406
283.5889892578125
283.5660095214844
283.5450134277344
283.5199890136719
283.49798583984375
283.4729919433594
283.4519958496094
283.4230041503906
283.3999938964844
283.3710021972656
283.3420104980469
283.3110046386719
283.2820129394531
283.2560119628906
283.2250061035156
283.19500732421875
283.17498779296875
283.1520080566406
283.12799072265625
283.1059875488281
283.0889892578125
283.05999755859375
283.03399658203125
283.0140075683594
282.9960021972656
282.9830017089844
282.9540100097656
282.9320068359375
282.9119873046875
282.8890075683594
282.8580017089844
282.8349914550781
282.81500244140625
282.7900085449219
282.75799560546875
282.7239990234375
282.697998046875
282.6700134277344
282.64300537109375
282.6130065917969
282.5840148925781
282.5509948730469
282.5169982910156
282.4779968261719
282.4460144042969
282.4200134277344
282.3940124511719
282.3590087890625
282.3330078125
282.29901123046875
282.27301025390625
282.2330017089844
282.2019958496094
282.1730041503906
282.1419982910156
282.114013671875
282.08599853515625
282.05999755859375
282.02801513671875
282.0039978027344
281.9840087890625
281.9670104980469
281.94000244140625
281.9289855957031
281.9100036621094
281.88800048828125
281.8699951171875
281.8599853515625
281.843994140625
281.8349914550781
281.8169860839844
281.79901123046875
281.7869873046875
281.781005859375
281.77398681640625
281.760986328125
281.7449951171875
281.72198486328125
281.7070007324219
281.697998046875
281.6860046386719
281.6709899902344
281.656005859375
281.635009765625
281.614990234375
281.6050109863281
281.59600830078125
281.59100341796875
281.58099365234375
281.57501220703125
281.5639953613281
281.5589904785156
281.5539855957031
281.5419921875
281.5379943847656
281.5299987792969
281.52398681640625
281.5169982910156
281.5119934082031
281.50299072265625
281.4939880371094
281.48699951171875
281.4809875488281
281.47100830078125
281.4540100097656
281.43499755859375
281.4200134277344
281.3940124511719
281.3760070800781
281.3559875488281
281.3280029296875
281.29400634765625
281.27801513671875
281.2590026855469
281.23699951171875
281.23199462890625
281.2170104980469
281.2049865722656
281.20001220703125
281.1969909667969
281.1820068359375
281.1669921875
281.1669921875
281.16400146484375
281.1619873046875
281.156005859375
281.1659851074219
281.16400146484375
281.1719970703125
281.17401123046875
281.1629943847656
281.1600036621094
281.156005859375
281.1390075683594
281.11700439453125
281.0870056152344
281.06298828125
281.0459899902344
281.0270080566406
281.0169982910156
281.0140075683594
281.0060119628906
280.9960021972656
280.989990234375
280.9849853515625
280.9849853515625
280.9859924316406
280.98199462890625
280.97900390625
280.9700012207031
280.9630126953125
280.9490051269531
280.9339904785156
280.9209899902344
280.9129943847656
280.89898681640625
280.8789978027344
280.864013671875
280.8340148925781
280.8240051269531
280.8110046386719
280.7980041503906
280.7749938964844
280.7590026855469
280.7460021972656
280.73199462890625
280.7170104980469
280.7049865722656
280.6910095214844
280.67999267578125
280.6700134277344
280.6619873046875
280.6499938964844
280.63800048828125
280.6340026855469
280.635986328125
280.635986328125
280.6310119628906
280.6260070800781
280.6300048828125
280.62701416015625
280.6109924316406
280.60198974609375
280.6050109863281
280.59600830078125
280.5849914550781
280.5679931640625
280.552001953125
280.5400085449219
280.51800537109375
280.4989929199219
280.4830017089844
280.4639892578125
280.44500732421875
280.42498779296875
280.406005859375
280.3869934082031
280.3760070800781
280.3689880371094
280.3590087890625
280.3580017089844
280.3489990234375
280.34698486328125
280.343994140625
280.3389892578125
280.3299865722656
280.3240051269531
280.3179931640625
280.3039855957031
280.2980041503906
280.2900085449219
280.281005859375
280.27398681640625
280.2720031738281
280.2659912109375
280.26300048828125
280.27398681640625
280.29998779296875
280.3039855957031
280.3240051269531
280.3340148925781
280.3760070800781
280.4100036621094
280.4219970703125
280.427001953125
280.42498779296875
280.4339904785156
280.43798828125
280.4280090332031
280.4649963378906
280.48699951171875
280.51800537109375
280.5509948730469
280.5790100097656
280.6300048828125
280.6719970703125
280.71600341796875
280.7539978027344
280.7900085449219
280.8290100097656
280.8689880371094
280.9110107421875
280.95098876953125
280.989990234375
281.02398681640625
281.0580139160156
281.0880126953125
281.10198974609375
281.1090087890625
281.114990234375
281.10198974609375
281.1099853515625
281.1340026855469
281.1600036621094
281.1789855957031
281.1940002441406
281.2309875488281
281.2650146484375
281.3009948730469
281.33599853515625
281.37799072265625
281.41400146484375
281.4549865722656
281.4700012207031
281.4930114746094
281.52099609375
281.5589904785156
281.59100341796875
281.6289978027344
281.65899658203125
281.7099914550781
281.76300048828125
281.8240051269531
281.87701416015625
281.9309997558594
281.989990234375
282.0469970703125
282.1059875488281
282.16400146484375
282.2250061035156
282.2749938964844
282.3290100097656
282.3919982910156
282.447998046875
282.5010070800781
282.55999755859375
282.6130065917969
282.6700134277344
282.7229919433594
282.7749938964844
282.83099365234375
282.88800048828125
282.94000244140625
282.9960021972656
283.0409851074219
283.0870056152344
283.135986328125
283.1780090332031
283.2179870605469
283.24798583984375
283.27398681640625
283.302001953125
283.3330078125
283.3710021972656
283.40399169921875
283.4360046386719
283.4670104980469
283.5
283.52899169921875
283.5379943847656
283.55499267578125
283.5580139160156
283.5580139160156
283.5589904785156
283.5480041503906
283.5400085449219
283.52801513671875
283.51300048828125
283.5039978027344
283.4939880371094
283.4830017089844
283.4809875488281
283.48199462890625
283.47198486328125
283.4530029296875
283.4599914550781
283.4580078125
283.4540100097656
283.4419860839844
283.4289855957031
283.4020080566406
283.3800048828125
283.3389892578125
283.3110046386719
283.2550048828125
283.2080078125
283.15399169921875
283.09100341796875
283.03399658203125
282.9830017089844
282.9209899902344
282.8659973144531
282.79901123046875
282.73699951171875
282.68701171875
282.6260070800781
282.56500244140625
282.4949951171875
282.4490051269531
282.3949890136719
282.3340148925781
282.26300048828125
282.2139892578125
282.1470031738281
282.0799865722656
282.010986328125
281.92999267578125
281.8559875488281
281.7869873046875
281.7130126953125
281.6210021972656
281.5369873046875
281.46099853515625
281.37701416015625
281.302001953125
281.22900390625
281.1449890136719
281.04998779296875
280.95599365234375
280.8680114746094
280.77398681640625
280.67999267578125
280.5840148925781
280.4800109863281
280.3819885253906
280.281005859375
280.17999267578125
280.0830078125
279.9859924316406
279.885986328125
279.78399658203125
279.67498779296875
279.5690002441406
279.4670104980469
279.3529968261719
279.23699951171875
279.11700439453125
278.9859924316406
278.86700439453125
278.7309875488281
278.6189880371094
278.531005859375
278.44000244140625
278.3760070800781
278.30499267578125
278.2170104980469
278.1400146484375
278.06298828125
278.00299072265625
277.9570007324219
277.89599609375
277.8210144042969
277.7929992675781
277.760009765625
277.7640075683594
277.7560119628906
277.70599365234375
277.635986328125
277.5710144042969
277.49700927734375
277.4339904785156
277.3590087890625
277.2869873046875
277.218994140625
277.1629943847656
277.09100341796875
277.0400085449219
276.9949951171875
276.93798828125
276.8819885253906
276.843994140625
276.7959899902344
276.75
276.7149963378906
276.67999267578125
276.65301513671875
276.62701416015625
276.6050109863281
276.5799865722656
276.5530090332031
276.5369873046875
276.51800537109375
276.50201416015625
276.489990234375
276.48199462890625
276.4729919433594
276.4649963378906
276.4530029296875
276.4410095214844
276.43499755859375
276.42999267578125
276.4230041503906
276.4169921875
276.4079895019531
276.3970031738281
276.39898681640625
276.385986328125
276.3710021972656
276.364013671875
276.3590087890625
276.3450012207031
276.3320007324219
276.3190002441406
276.3080139160156
276.3080139160156
276.2950134277344
276.2980041503906
276.2850036621094
276.27398681640625
276.2720031738281
276.281005859375
276.2850036621094
276.2909851074219
276.30499267578125
276.31500244140625
276.3320007324219
276.3479919433594
276.3680114746094
276.36700439453125
276.3869934082031
276.406005859375
276.43798828125
276.4620056152344
276.5050048828125
276.5360107421875
276.5690002441406
276.6080017089844
276.6340026855469
276.65399169921875
276.677001953125
276.6960144042969
276.7099914550781
276.71099853515625
276.7279968261719
276.7239990234375
276.7300109863281
276.7489929199219
276.74700927734375
276.75
276.739013671875
276.7460021972656
276.74798583984375
276.74700927734375
276.7460021972656
276.75
276.75799560546875
276.7569885253906
276.7550048828125
276.7489929199219
276.7430114746094
276.7449951171875
276.739013671875
276.7359924316406
276.7409973144531
276.7330017089844
276.7309875488281
276.7250061035156
276.7229919433594
276.7170104980469
276.71600341796875
276.7170104980469
276.7099914550781
276.70599365234375
276.69500732421875
276.697998046875
276.70098876953125
276.70001220703125
276.7080078125
276.7179870605469
276.718994140625
276.7120056152344
276.7070007324219
276.7149963378906
276.7229919433594
276.7300109863281
276.7330017089844
276.739013671875
276.75299072265625
276.760009765625
276.77301025390625
276.7900085449219
276.81201171875
276.8349914550781
276.8550109863281
276.8760070800781
276.9010009765625
276.9259948730469
276.9530029296875
276.9859924316406
277.0140075683594
277.04400634765625
277.0799865722656
277.1090087890625
277.1470031738281
277.18798828125
277.22900390625
277.26300048828125
277.3039855957031
277.35101318359375
277.3890075683594
277.4419860839844
277.489013671875
277.5400085449219
277.6050109863281
277.66400146484375
277.73199462890625
277.7959899902344
277.8590087890625
277.9129943847656
277.9580078125
278.0169982910156
278.0780029296875
278.135009765625
278.1940002441406
278.2699890136719
278.3340148925781
278.4119873046875
278.4909973144531
278.58599853515625
278.6830139160156
278.77398681640625
278.8659973144531
278.9590148925781
279.0539855957031
279.1449890136719
279.2430114746094
279.3399963378906
279.4339904785156
279.5320129394531
279.6289978027344
279.72900390625
279.83099365234375
279.9330139160156
280.0369873046875
280.1409912109375
280.2409973144531
280.3320007324219
280.4150085449219
280.49200439453125
280.55499267578125
280.62298583984375
280.6820068359375
280.75299072265625
280.8340148925781
280.91900634765625
280.9939880371094
281.072998046875
281.1570129394531
281.2340087890625
281.3219909667969
281.40899658203125
281.4960021972656
281.5660095214844
281.64801025390625
281.7179870605469
281.7900085449219
281.8580017089844
281.9309997558594
281.99200439453125
282.0589904785156
282.12701416015625
282.20001220703125
282.2720031738281
282.34600830078125
282.4150085449219
282.47698974609375
282.5400085449219
282.6180114746094
282.6759948730469
282.6929931640625
282.6929931640625
282.7080078125
282.760986328125
282.82501220703125
282.8909912109375
282.9219970703125
282.96600341796875
283.02801513671875
283.08599853515625
283.14898681640625
283.197998046875
283.25299072265625
283.3110046386719
283.3819885253906
283.4670104980469
283.5279846191406
283.5660095214844
283.6090087890625
283.7250061035156
283.84698486328125
283.9360046386719
284.0679931640625
284.2070007324219
284.3169860839844
284.45098876953125
284.5979919433594
284.7309875488281
284.84600830078125
284.9410095214844
285.04901123046875
285.2040100097656
285.3689880371094
285.5450134277344
285.739013671875
285.9330139160156
286.1000061035156
286.27099609375
286.4419860839844
286.614013671875
286.781005859375
286.9549865722656
287.1050109863281
287.2250061035156
287.3550109863281
287.4939880371094
287.66400146484375
287.8599853515625
288.0610046386719
288.2909851074219
288.5199890136719
288.75201416015625
288.9930114746094
289.22100830078125
289.4700012207031
289.73699951171875
290.0190124511719
290.26300048828125
290.5119934082031
290.7969970703125
291.1000061035156
291.41400146484375
291.76300048828125
292.1130065917969
292.4580078125
292.8160095214844
293.1669921875
293.47698974609375
293.7909851074219
294.0790100097656
294.364990234375
294.64599609375
294.9540100097656
295.29998779296875
295.67498779296875
296.0069885253906
296.32501220703125
296.65399169921875
296.9540100097656
297.28900146484375
297.6619873046875
298.0979919433594
298.51800537109375
298.9360046386719
299.3769836425781
299.8289794921875
300.3529968261719
300.9100036621094
301.4189758300781
301.9369812011719
302.4849853515625
303.010986328125
303.448974609375
303.8139953613281
304.2460021972656
304.5999755859375
304.9449768066406
305.27099609375
305.6299743652344
305.81298828125
305.9539794921875
306.1769714355469
306.3289794921875
306.4949951171875
306.6199951171875
306.8219909667969
307.0929870605469
307.4019775390625
307.78497314453125
308.22698974609375
309.0119934082031
309.76397705078125
310.2939758300781
310.8509826660156
311.3569641113281
311.81097412109375
312.1719665527344
312.3899841308594
312.4129638671875
312.3849792480469
312.3899841308594
312.4859619140625
312.5209655761719
312.6319580078125
312.82098388671875
313.01397705078125
313.34197998046875
313.72998046875
314.094970703125
314.41497802734375
314.6979675292969
314.9919738769531
315.344970703125
315.8069763183594
316.6249694824219
317.2989501953125
318.0439758300781
318.64996337890625
319.33294677734375
319.8159484863281
320.8799743652344
321.4799499511719
322.3889465332031
323.2509460449219
324.782958984375
325.39996337890625
327.3489685058594
329.9089660644531
330.7559509277344
330.82696533203125
331.5449523925781
333.3529357910156
335.00994873046875
336.6049499511719
338.7049560546875
340.0589599609375
340.6439514160156
342.2659606933594
344.0079345703125
345.4589538574219
346.9029541015625
348.7749328613281
351.27593994140625
352.8939208984375
354.07293701171875
355.3529357910156
356.22894287109375
356.9249572753906
358.25396728515625
360.23895263671875
362.0049743652344
363.251953125
365.9329528808594
367.844970703125
369.1249694824219
370.6730041503906
372.8349914550781
375.4109802246094
376.98699951171875
378.9070129394531
381.010009765625
382.60302734375
384.739013671875
386.280029296875
388.717041015625
390.9440002441406
393.0159912109375
395.7249755859375
397.5469665527344
